timestamps:
  lastteleport: 1497605580982
  login: 1497604631739
  logout: 1497605580779
lastlocation:
  world: MainLobby
  x: 4.18894674659716
  y: 59.0
  z: 10.962723208064153
  yaw: 6.544464
  pitch: 39.295063
lastAccountName: TheSlimeJunior
ipAddress: 14.199.209.117
logoutlocation:
  world: LionHUB
  x: 29.0
  y: 66.0
  z: 15.0
  yaw: 90.11987
  pitch: -0.34908158
