jails: 
  practicepvp: 
    world: lobby
    x: -13.267503002526253
    y: 47.0
    z: 2.9439793876453133
    yaw: 329.42126
    pitch: 8.360356
