spawns: 
  default: 
    world: LionHUB
    x: 30.02942446237459
    y: 66.5
    z: 15.713510241347414
    yaw: 90.11987
    pitch: -0.34908158
