world: MainLobby
x: 1.0293586921873055
y: 60.0
z: 0.45049508100588787
yaw: -88.48081
pitch: 5.6043463
name: arenapvp
